2030.000000 0.000000 0.000000 228.746377 194.050725
1624.000000 0.000000 0.000000 254.612500 170.387500
1218.000000 0.000000 0.000000 277.981395 149.190698
812.000000 0.000000 0.000000 299.497326 129.796791
406.000000 0.000000 0.000000 318.737805 112.884146
0.000000 0.000000 0.000000 335.956835 97.043165
2030.000000 508.000000 0.000000 269.927492 200.918429
1624.000000 508.000000 0.000000 295.263889 175.277778
1218.000000 508.000000 0.000000 317.714859 152.678715
812.000000 508.000000 0.000000 338.426606 132.155963
406.000000 508.000000 0.000000 356.814208 114.322404
0.000000 508.000000 0.000000 373.500000 98.000000
2030.000000 1016.000000 0.000000 316.411765 208.117647
1624.000000 1016.000000 0.000000 340.522523 180.690691
1218.000000 1016.000000 0.000000 362.508711 156.432056
812.000000 1016.000000 0.000000 381.437247 135.137652
406.000000 1016.000000 0.000000 398.075829 116.151659
0.000000 1016.000000 0.000000 413.235955 99.056180
2030.000000 1524.000000 0.000000 369.780738 217.209016
1624.000000 1524.000000 0.000000 392.308271 187.543860
1218.000000 1524.000000 0.000000 411.573134 161.486567
812.000000 1524.000000 0.000000 428.690141 138.774648
406.000000 1524.000000 0.000000 444.127119 118.889831
0.000000 1524.000000 0.000000 457.497653 100.816901
