0.000000 0.000000 0.000000 234.657895 114.394737
0.000000 508.000000 0.000000 272.371257 96.640719
0.000000 1016.000000 0.000000 306.921053 80.302632
0.000000 1524.000000 0.000000 339.791367 65.640288
406.000000 0.000000 0.000000 254.821429 125.111607
406.000000 508.000000 0.000000 293.742268 106.005155
406.000000 1016.000000 0.000000 329.570588 88.894118
406.000000 1524.000000 0.000000 362.623377 73.337662
812.000000 0.000000 0.000000 276.690840 137.454198
812.000000 508.000000 0.000000 317.973913 116.473913
812.000000 1016.000000 0.000000 354.600000 97.970000
812.000000 1524.000000 0.000000 387.994413 81.530726
1218.000000 0.000000 0.000000 302.642173 151.456869
1218.000000 508.000000 0.000000 345.054152 128.711191
1218.000000 1016.000000 0.000000 381.875000 108.530172
1218.000000 1524.000000 0.000000 415.422886 90.880597
1624.000000 0.000000 0.000000 331.662269 167.437995
1624.000000 508.000000 0.000000 374.670769 142.547692
1624.000000 1016.000000 0.000000 411.911439 120.970480
1624.000000 1524.000000 0.000000 446.157205 101.580786
2030.000000 0.000000 0.000000 364.774123 185.653509
2030.000000 508.000000 0.000000 408.971279 158.198433
2030.000000 1016.000000 0.000000 445.987421 134.427673
2030.000000 1524.000000 0.000000 480.043956 113.516484
