0.000000 0.000000 0.000000 161.619590 220.218679
0.000000 508.000000 0.000000 171.363077 181.476923
0.000000 1016.000000 0.000000 180.063492 149.444444
0.000000 1524.000000 0.000000 188.231527 122.783251
406.000000 0.000000 0.000000 204.278509 215.811404
406.000000 508.000000 0.000000 210.574713 176.643678
406.000000 1016.000000 0.000000 216.340909 145.037879
406.000000 1524.000000 0.000000 221.597087 118.461165
812.000000 0.000000 0.000000 248.841564 211.808642
812.000000 508.000000 0.000000 251.564384 171.898630
812.000000 1016.000000 0.000000 253.780669 140.368030
812.000000 1524.000000 0.000000 255.720379 114.559242
1218.000000 0.000000 0.000000 296.125514 207.320988
1218.000000 508.000000 0.000000 294.295699 168.029570
1218.000000 1016.000000 0.000000 291.897059 136.544118
1218.000000 1524.000000 0.000000 290.471698 111.103774
1624.000000 0.000000 0.000000 343.112676 203.682093
1624.000000 508.000000 0.000000 336.402740 164.747945
1624.000000 1016.000000 0.000000 330.545455 134.043636
1624.000000 1524.000000 0.000000 325.957143 108.395238
2030.000000 0.000000 0.000000 389.471215 199.995736
2030.000000 508.000000 0.000000 378.598886 161.584958
2030.000000 1016.000000 0.000000 368.867159 131.387454
2030.000000 1524.000000 0.000000 361.245192 106.201923
