2030.000000 1524.000000 0.000000 222.816498 290.651515
2030.000000 1016.000000 0.000000 230.683371 246.555809
2030.000000 508.000000 0.000000 236.562092 211.562092
2030.000000 0.000000 0.000000 242.409091 183.040909
1624.000000 1524.000000 0.000000 273.212069 291.037931
1624.000000 1016.000000 0.000000 275.260766 247.066986
1624.000000 508.000000 0.000000 276.928571 211.542208
1624.000000 0.000000 0.000000 278.668182 183.095455
1218.000000 1524.000000 0.000000 323.633043 291.092174
1218.000000 1016.000000 0.000000 320.278571 247.090476
1218.000000 508.000000 0.000000 316.841584 212.376238
1218.000000 0.000000 0.000000 314.717391 183.769565
812.000000 1524.000000 0.000000 372.635063 290.880143
812.000000 1016.000000 0.000000 364.093079 247.453461
812.000000 508.000000 0.000000 356.866221 212.632107
812.000000 0.000000 0.000000 351.016949 184.563559
406.000000 1524.000000 0.000000 419.398482 290.068311
406.000000 1016.000000 0.000000 406.362468 248.015424
406.000000 508.000000 0.000000 395.243056 213.586806
406.000000 0.000000 0.000000 385.666667 185.967136
0.000000 1524.000000 0.000000 463.058700 289.136268
0.000000 1016.000000 0.000000 446.216763 247.563584
0.000000 508.000000 0.000000 431.619565 214.605072
0.000000 0.000000 0.000000 419.250000 186.875000
