0.000000 1524.000000 0.000000 176.483871 168.553763
406.000000 1524.000000 0.000000 203.119048 156.261905
812.000000 1524.000000 0.000000 227.854167 145.125000
1218.000000 1524.000000 0.000000 250.480315 135.283465
1624.000000 1524.000000 0.000000 271.345133 126.522124
2030.000000 1524.000000 0.000000 290.110000 118.600000
0.000000 1016.000000 0.000000 200.769912 184.247788
406.000000 1016.000000 0.000000 228.430693 170.257426
812.000000 1016.000000 0.000000 253.421965 157.612717
1218.000000 1016.000000 0.000000 275.966887 146.701987
1624.000000 1016.000000 0.000000 296.947761 137.298507
2030.000000 1016.000000 0.000000 315.478261 128.426087
0.000000 508.000000 0.000000 229.120567 202.226950
406.000000 508.000000 0.000000 257.184426 186.286885
812.000000 508.000000 0.000000 282.309179 172.062802
1218.000000 508.000000 0.000000 305.177143 159.651429
1624.000000 508.000000 0.000000 325.238411 148.993377
2030.000000 508.000000 0.000000 343.289063 139.320313
0.000000 0.000000 0.000000 262.605634 223.166197
406.000000 0.000000 0.000000 290.614334 204.846416
812.000000 0.000000 0.000000 315.637860 189.115226
1218.000000 0.000000 0.000000 337.732673 174.955446
1624.000000 0.000000 0.000000 357.028409 162.960227
2030.000000 0.000000 0.000000 374.209790 152.076923
