2030.000000 1524.000000 0.000000 209.627907 160.389535
2030.000000 1016.000000 0.000000 247.401274 156.707006
2030.000000 508.000000 0.000000 281.140741 153.511111
2030.000000 0.000000 0.000000 313.172414 151.163793
1624.000000 1524.000000 0.000000 219.468599 177.565217
1624.000000 1016.000000 0.000000 259.627027 172.978378
1624.000000 508.000000 0.000000 294.963855 168.795181
1624.000000 0.000000 0.000000 328.050000 165.564286
1218.000000 1524.000000 0.000000 231.156250 197.285156
1218.000000 1016.000000 0.000000 272.786667 191.320000
1218.000000 508.000000 0.000000 310.295082 185.912568
1218.000000 0.000000 0.000000 343.980769 181.570513
812.000000 1524.000000 0.000000 244.544586 220.015924
812.000000 1016.000000 0.000000 288.686347 212.313653
812.000000 508.000000 0.000000 327.466667 205.475556
812.000000 0.000000 0.000000 362.418848 199.764398
406.000000 1524.000000 0.000000 260.133838 246.666667
406.000000 1016.000000 0.000000 307.075075 236.684685
406.000000 508.000000 0.000000 347.183521 227.820225
406.000000 0.000000 0.000000 381.932127 220.185520
0.000000 1524.000000 0.000000 279.072727 277.450505
0.000000 1016.000000 0.000000 328.246269 264.393035
0.000000 508.000000 0.000000 369.325949 252.889241
0.000000 0.000000 0.000000 404.785124 242.557851
